s=zeros(1,128);
s(4)=1;
s(6)=1;
s(8)=1;
s(10)=1;
s(12)=1;